function cmap = purple_cmap

cmap = [0.010416666666667,0,0;0.016787925696594,0,0.010526315789474;0.023159184726522,0,0.021052631578947;0.029530443756450,0,0.031578947368421;0.035901702786378,0,0.042105263157895;0.042272961816305,0,0.052631578947368;0.048644220846233,0,0.063157894736842;0.055015479876161,0,0.073684210526316;0.061386738906089,0,0.084210526315789;0.067757997936017,0,0.094736842105263;0.074129256965944,0,0.105263157894737;0.080500515995872,0,0.115789473684211;0.086871775025800,0,0.126315789473684;0.093243034055728,0,0.136842105263158;0.099614293085655,0,0.147368421052632;0.105985552115583,0,0.157894736842105;0.112356811145511,0,0.168421052631579;0.118728070175439,0,0.178947368421053;0.125099329205366,0,0.189473684210526;0.131470588235294,0,0.200000000000000;0.137841847265222,0,0.210526315789474;0.144213106295150,0,0.221052631578947;0.150584365325077,0,0.231578947368421;0.156955624355005,0,0.242105263157895;0.163326883384933,0,0.252631578947368;0.169698142414861,0,0.263157894736842;0.176069401444788,0,0.273684210526316;0.182440660474716,0,0.284210526315789;0.188811919504644,0,0.294736842105263;0.195183178534572,0,0.305263157894737;0.201554437564499,0,0.315789473684211;0.207925696594427,0,0.326315789473684;0.214296955624355,0,0.336842105263158;0.220668214654283,0,0.347368421052632;0.227039473684211,0,0.357894736842105;0.233410732714138,0,0.368421052631579;0.239781991744066,0,0.378947368421053;0.246153250773994,0,0.389473684210526;0.252524509803922,0,0.400000000000000;0.258895768833849,0,0.410526315789474;0.265267027863777,0,0.421052631578947;0.271638286893705,0,0.431578947368421;0.278009545923633,0,0.442105263157895;0.284380804953560,0,0.452631578947368;0.290752063983488,0,0.463157894736842;0.297123323013416,0,0.473684210526316;0.303494582043344,0,0.484210526315789;0.309865841073271,0,0.494736842105263;0.316237100103199,0,0.505263157894737;0.322608359133127,0,0.515789473684211;0.328979618163055,0,0.526315789473684;0.335350877192983,0,0.536842105263158;0.341722136222910,0,0.547368421052632;0.348093395252838,0,0.557894736842105;0.354464654282766,0,0.568421052631579;0.360835913312694,0,0.578947368421053;0.367207172342621,0,0.589473684210526;0.373578431372549,0,0.600000000000000;0.379949690402477,0,0.610526315789474;0.386320949432405,0,0.621052631578947;0.392692208462332,0,0.631578947368421;0.399063467492260,0,0.642105263157895;0.405434726522188,0,0.652631578947368;0.411805985552116,0,0.663157894736842;0.418177244582043,0,0.673684210526316;0.424548503611971,0,0.684210526315789;0.430919762641899,0,0.694736842105263;0.437291021671827,0,0.705263157894737;0.443662280701754,0,0.715789473684211;0.450033539731682,0,0.726315789473684;0.456404798761610,0,0.736842105263158;0.462776057791538,0,0.747368421052632;0.469147316821465,0,0.757894736842105;0.475518575851393,0,0.768421052631579;0.481889834881321,0,0.778947368421053;0.488261093911249,0,0.789473684210526;0.494632352941177,0,0.800000000000000;0.501003611971104,0,0.810526315789474;0.507374871001032,0,0.821052631578947;0.513746130030960,0,0.831578947368421;0.520117389060888,0,0.842105263157895;0.526488648090815,0,0.852631578947368;0.532859907120743,0,0.863157894736842;0.539231166150671,0,0.873684210526316;0.545602425180599,0,0.884210526315789;0.551973684210526,0,0.894736842105263;0.558344943240454,0,0.905263157894737;0.564716202270382,0,0.915789473684210;0.571087461300310,0,0.926315789473684;0.577458720330237,0,0.936842105263158;0.583829979360165,0,0.947368421052632;0.590201238390093,0,0.957894736842105;0.596572497420021,0,0.968421052631579;0.602943756449948,0,0.978947368421053;0.609315015479876,0,0.989473684210526;0.615686274509804,0,1.000000000000000;0.619281045751634,0.005310457516340,0.998570261437909;0.622875816993464,0.010620915032680,0.997140522875817;0.626470588235294,0.015931372549020,0.995710784313726;0.630065359477124,0.021241830065359,0.994281045751634;0.633660130718954,0.026552287581699,0.992851307189543;0.637254901960784,0.031862745098039,0.991421568627451;0.640849673202614,0.037173202614379,0.989991830065360;0.644444444444444,0.042483660130719,0.988562091503268;0.648039215686275,0.047794117647059,0.987132352941177;0.651633986928105,0.053104575163399,0.985702614379085;0.655228758169935,0.058415032679739,0.984272875816994;0.658823529411765,0.063725490196078,0.982843137254902;0.662418300653595,0.069035947712418,0.981413398692810;0.666013071895425,0.074346405228758,0.979983660130719;0.669607843137255,0.079656862745098,0.978553921568627;0.673202614379085,0.084967320261438,0.977124183006536;0.676797385620915,0.090277777777778,0.975694444444444;0.680392156862745,0.095588235294118,0.974264705882353;0.683986928104575,0.100898692810458,0.972834967320261;0.687581699346405,0.106209150326797,0.971405228758170;0.691176470588235,0.111519607843137,0.969975490196078;0.694771241830065,0.116830065359477,0.968545751633987;0.698366013071895,0.122140522875817,0.967116013071895;0.701960784313726,0.127450980392157,0.965686274509804;0.705555555555556,0.132761437908497,0.964256535947712;0.709150326797386,0.138071895424837,0.962826797385621;0.712745098039216,0.143382352941176,0.961397058823529;0.716339869281046,0.148692810457516,0.959967320261438;0.719934640522876,0.154003267973856,0.958537581699346;0.723529411764706,0.159313725490196,0.957107843137255;0.727124183006536,0.164624183006536,0.955678104575163;0.730718954248366,0.169934640522876,0.954248366013072;0.734313725490196,0.175245098039216,0.952818627450980;0.737908496732026,0.180555555555556,0.951388888888889;0.741503267973856,0.185866013071895,0.949959150326797;0.745098039215686,0.191176470588235,0.948529411764706;0.748692810457516,0.196486928104575,0.947099673202614;0.752287581699346,0.201797385620915,0.945669934640523;0.755882352941176,0.207107843137255,0.944240196078431;0.759477124183007,0.212418300653595,0.942810457516340;0.763071895424837,0.217728758169935,0.941380718954248;0.766666666666667,0.223039215686274,0.939950980392157;0.770261437908497,0.228349673202614,0.938521241830065;0.773856209150327,0.233660130718954,0.937091503267974;0.777450980392157,0.238970588235294,0.935661764705882;0.781045751633987,0.244281045751634,0.934232026143791;0.784640522875817,0.249591503267974,0.932802287581699;0.788235294117647,0.254901960784314,0.931372549019608;0.791830065359477,0.260212418300654,0.929942810457516;0.795424836601307,0.265522875816993,0.928513071895425;0.799019607843137,0.270833333333333,0.927083333333333;0.802614379084967,0.276143790849673,0.925653594771242;0.806209150326797,0.281454248366013,0.924223856209150;0.809803921568627,0.286764705882353,0.922794117647059;0.813398692810458,0.292075163398693,0.921364379084967;0.816993464052288,0.297385620915033,0.919934640522876;0.820588235294118,0.302696078431373,0.918504901960784;0.824183006535948,0.308006535947712,0.917075163398693;0.827777777777778,0.313316993464052,0.915645424836601;0.831372549019608,0.318627450980392,0.914215686274510;0.834967320261438,0.323937908496732,0.912785947712418;0.838562091503268,0.329248366013072,0.911356209150327;0.842156862745098,0.334558823529412,0.909926470588235;0.845751633986928,0.339869281045752,0.908496732026144;0.849346405228758,0.345179738562091,0.907066993464052;0.852941176470588,0.350490196078431,0.905637254901961;0.856535947712418,0.355800653594771,0.904207516339869;0.860130718954248,0.361111111111111,0.902777777777778;0.863725490196078,0.366421568627451,0.901348039215686;0.867320261437909,0.371732026143791,0.899918300653595;0.870915032679739,0.377042483660131,0.898488562091503;0.874509803921569,0.382352941176471,0.897058823529412;0.878104575163399,0.387663398692810,0.895629084967320;0.881699346405229,0.392973856209150,0.894199346405229;0.885294117647059,0.398284313725490,0.892769607843137;0.888888888888889,0.403594771241830,0.891339869281046;0.892483660130719,0.408905228758170,0.889910130718954;0.896078431372549,0.414215686274510,0.888480392156863;0.899673202614379,0.419526143790850,0.887050653594771;0.903267973856209,0.424836601307190,0.885620915032680;